id=27_11 Eu-152
time.start=2025/11/27 16:00:54.492+0100
time.stop=2025/11/27 16:25:02.179+0100
time.real=00:24:07
board.3-0-10281.readout.rate=22.280 kb/s
board.3-0-10281.CeBr(La).rejections.singles=0.0
board.3-0-10281.CeBr(La).rejections.pileup=1.94418
board.3-0-10281.CeBr(La).rejections.saturation=0.0
board.3-0-10281.CeBr(La).rejections.energy=0.0
board.3-0-10281.CeBr(La).rejections.psd=0.0
board.3-0-10281.CeBr(La).rejections.timedistribution=0.0
board.3-0-10281.CeBr(La).throughput=644.478
board.3-0-10281.CeBr(La).icr=600.75
board.3-0-10281.CeBr(La).ocr=598.806
board.3-0-10281.CeBr(La).calibration.energy.c0=0.0
board.3-0-10281.CeBr(La).calibration.energy.c1=1.0
board.3-0-10281.CeBr(La).calibration.energy.c2=0.0
board.3-0-10281.CeBr(La).calibration.energy.uom=keV
board.3-0-10281.CeBr.rejections.singles=0.0
board.3-0-10281.CeBr.rejections.pileup=362.625
board.3-0-10281.CeBr.rejections.saturation=1.99245
board.3-0-10281.CeBr.rejections.energy=0.0
board.3-0-10281.CeBr.rejections.psd=0.0
board.3-0-10281.CeBr.rejections.timedistribution=0.0
board.3-0-10281.CeBr.throughput=1826.08
board.3-0-10281.CeBr.icr=1811.13
board.3-0-10281.CeBr.ocr=1444.52
board.3-0-10281.CeBr.calibration.energy.c0=0.0
board.3-0-10281.CeBr.calibration.energy.c1=1.0
board.3-0-10281.CeBr.calibration.energy.c2=0.0
board.3-0-10281.CeBr.calibration.energy.uom=keV
