id=run
time.start=2025/11/20 16:42:36.686+0100
time.stop=2025/11/20 16:49:16.712+0100
time.real=00:06:40
board.3-0-10281.readout.rate=9.646 Mb/s
board.3-0-10281.CeBr(La).rejections.singles=0.0
board.3-0-10281.CeBr(La).rejections.pileup=0.610076
board.3-0-10281.CeBr(La).rejections.saturation=0.0
board.3-0-10281.CeBr(La).rejections.energy=0.0
board.3-0-10281.CeBr(La).rejections.psd=0.0
board.3-0-10281.CeBr(La).rejections.timedistribution=0.0
board.3-0-10281.CeBr(La).throughput=288.266
board.3-0-10281.CeBr(La).icr=624.718
board.3-0-10281.CeBr(La).ocr=331.271
board.3-0-10281.CeBr(La).calibration.energy.c0=0.0
board.3-0-10281.CeBr(La).calibration.energy.c1=1.0
board.3-0-10281.CeBr(La).calibration.energy.c2=0.0
board.3-0-10281.CeBr(La).calibration.energy.uom=keV
board.3-0-10281.CeBr.rejections.singles=0.0
board.3-0-10281.CeBr.rejections.pileup=111.579
board.3-0-10281.CeBr.rejections.saturation=0.606405
board.3-0-10281.CeBr.rejections.energy=0.0
board.3-0-10281.CeBr.rejections.psd=0.0
board.3-0-10281.CeBr.rejections.timedistribution=0.0
board.3-0-10281.CeBr.throughput=669.875
board.3-0-10281.CeBr.icr=1241.92
board.3-0-10281.CeBr.ocr=541.52
board.3-0-10281.CeBr.calibration.energy.c0=0.0
board.3-0-10281.CeBr.calibration.energy.c1=1.0
board.3-0-10281.CeBr.calibration.energy.c2=0.0
board.3-0-10281.CeBr.calibration.energy.uom=keV
